static 28 dynamic 41 covariates kept 69
dropped as IPC-like: []

## 2025: missing schema covariate columns in header: ['nightlight', 'nightlight_sd', 'EVI', 'gpp_mean', 'CPI', 'GDP', 'CC', 'gini', 'pop', 'Tair_zscore', 'Rainf_zscore']
rows per month: {'2025-01': 5718, '2025-02': 5718, '2025-03': 5718, '2025-04': 5718, '2025-05': 5718, '2025-06': 5718, '2025-07': 5718, '2025-08': 5718, '2025-09': 5718, '2025-10': 5719, '2025-11': 5718, '2025-12': 5718, '2026-01': 5718, '2026-02': 5719, '2026-03': 5718, '2026-04': 5718}
ym                             2025-01  2025-02  2025-03  2025-04  2025-05  2025-06  2025-07  2025-08  2025-09  2025-10  2025-11  2025-12  2026-01  2026-02  2026-03  2026-04
lat                               5718     5718     5718     5718     5718     5718     5718     5718     5718     5719     5718     5718     5718     5719     5718     5718
lon                               5718     5718     5718     5718     5718     5718     5718     5718     5718     5719     5718     5718     5718     5719     5718     5718
AEZ_10000                         5718     5718     5718     5718     5718     5718     5718     5718     5718     5719     5718     5718     5718     5719     5718     5718
AEZ_12000                         5718     5718     5718     5718     5718     5718     5718     5718     5718     5719     5718     5718     5718     5719     5718     5718
AEZ_15000                         5718     5718     5718     5718     5718     5718     5718     5718     5718     5719     5718     5718     5718     5719     5718     5718
AEZ_17000                         5718     5718     5718     5718     5718     5718     5718     5718     5718     5719     5718     5718     5718     5719     5718     5718
AEZ_19000                         5718     5718     5718     5718     5718     5718     5718     5718     5718     5719     5718     5718     5718     5719     5718     5718
AEZ_25000                         5718     5718     5718     5718     5718     5718     5718     5718     5718     5719     5718     5718     5718     5719     5718     5718
AEZ_31000                         5718     5718     5718     5718     5718     5718     5718     5718     5718     5719     5718     5718     5718     5719     5718     5718
AEZ_32000                         5718     5718     5718     5718     5718     5718     5718     5718     5718     5719     5718     5718     5718     5719     5718     5718
AEZ_33000                         5718     5718     5718     5718     5718     5718     5718     5718     5718     5719     5718     5718     5718     5719     5718     5718
AEZ_34000                         5718     5718     5718     5718     5718     5718     5718     5718     5718     5719     5718     5718     5718     5719     5718     5718
AEZ_36000                         5718     5718     5718     5718     5718     5718     5718     5718     5718     5719     5718     5718     5718     5719     5718     5718
AEZ_38000                         5718     5718     5718     5718     5718     5718     5718     5718     5718     5719     5718     5718     5718     5719     5718     5718
AEZ_4000                          5718     5718     5718     5718     5718     5718     5718     5718     5718     5719     5718     5718     5718     5719     5718     5718
AEZ_40000                         5718     5718     5718     5718     5718     5718     5718     5718     5718     5719     5718     5718     5718     5719     5718     5718
AEZ_43000                         5718     5718     5718     5718     5718     5718     5718     5718     5718     5719     5718     5718     5718     5719     5718     5718
AEZ_7000                          5718     5718     5718     5718     5718     5718     5718     5718     5718     5719     5718     5718     5718     5719     5718     5718
AEZ_9000                          5718     5718     5718     5718     5718     5718     5718     5718     5718     5719     5718     5718     5718     5719     5718     5718
distance_to_river                 5718     5718     5718     5718     5718     5718     5718     5718     5718     5719     5718     5718     5718     5719     5718     5718
elevation                         5718     5718     5718     5718     5718     5718     5718     5718     5718     5719     5718     5718     5718     5719     5718     5718
sg_cec_5-15cm                     5718     5718     5718     5718     5718     5718     5718     5718     5718     5719     5718     5718     5718     5719     5718     5718
sg_cfvo_5-15cm                    5718     5718     5718     5718     5718     5718     5718     5718     5718     5719     5718     5718     5718     5719     5718     5718
sg_nitrogen_5-15cm                5718     5718     5718     5718     5718     5718     5718     5718     5718     5719     5718     5718     5718     5719     5718     5718
sg_phh2o_5-15cm                   5718     5718     5718     5718     5718     5718     5718     5718     5718     5719     5718     5718     5718     5719     5718     5718
sg_soc_5-15cm                     5718     5718     5718     5718     5718     5718     5718     5718     5718     5719     5718     5718     5718     5719     5718     5718
ruggedness                        5718     5718     5718     5718     5718     5718     5718     5718     5718     5719     5718     5718     5718     5719     5718     5718
slope                             5718     5718     5718     5718     5718     5718     5718     5718     5718     5719     5718     5718     5718     5719     5718     5718
distance_to_nearest_acled         4414     4301     4263     3132        0        0        0        0        0        0        0        0        0        0        0        0
event_count_battles               4414     4301     4263     3132        0        0        0        0        0        0        0        0        0        0        0        0
event_count_explosions            4414     4301     4263     3132        0        0        0        0        0        0        0        0        0        0        0        0
event_count_violence              4414     4301     4263     3132        0        0        0        0        0        0        0        0        0        0        0        0
sum_fatalities_battles            4414     4301     4263     3132        0        0        0        0        0        0        0        0        0        0        0        0
sum_fatalities_explosions         4414     4301     4263     3132        0        0        0        0        0        0        0        0        0        0        0        0
sum_fatalities_violence           4414     4301     4263     3132        0        0        0        0        0        0        0        0        0        0        0        0
event_count_battles_w5            4414     4301     4263     3132        0        0        0        0        0        0        0        0        0        0        0        0
event_count_explosions_w5         4414     4301     4263     3132        0        0        0        0        0        0        0        0        0        0        0        0
event_count_violence_w5           4414     4301     4263     3132        0        0        0        0        0        0        0        0        0        0        0        0
sum_fatalities_battles_w5         4414     4301     4263     3132        0        0        0        0        0        0        0        0        0        0        0        0
sum_fatalities_explosions_w5      4414     4301     4263     3132        0        0        0        0        0        0        0        0        0        0        0        0
sum_fatalities_violence_w5        4414     4301     4263     3132        0        0        0        0        0        0        0        0        0        0        0        0
event_count_battles_w10           4414     4301     4263     3132        0        0        0        0        0        0        0        0        0        0        0        0
event_count_explosions_w10        4414     4301     4263     3132        0        0        0        0        0        0        0        0        0        0        0        0
event_count_violence_w10          4414     4301     4263     3132        0        0        0        0        0        0        0        0        0        0        0        0
sum_fatalities_battles_w10        4414     4301     4263     3132        0        0        0        0        0        0        0        0        0        0        0        0
sum_fatalities_explosions_w10     4414     4301     4263     3132        0        0        0        0        0        0        0        0        0        0        0        0
sum_fatalities_violence_w10       4414     4301     4263     3132        0        0        0        0        0        0        0        0        0        0        0        0
crop                              5718     5718     5718     5718     5718     5718     5718     5718     5718     5719     5718     5718     5718     5719     5718     5718
range                             5718     5718     5718     5718     5718     5718     5718     5718     5718     5719     5718     5718     5718     5719     5718     5718
market_distance                   5471     5440     5440     5419     5451     5449     5450     5450     5450     5459     5458     5451     4691     2095        0        0
FAO_price                         5471     5440     5440     5419     5451     5449     5450     5450     5450     5459     5458     5451     4691     2095        0        0
Rainf_f_tavg_mean                 5718     5718     5718     5718     5718     5718     5718     5718     5718     5719     5718     5718     5718     5719     5718     5718
Tair_f_tavg_mean                  5718     5718     5718     5718     5718     5718     5718     5718     5718     5719     5718     5718     5718     5719     5718     5718
market_access                     5718     5718     5718     5718     5718     5718     5718     5718     5718     5719     5718     5718     5718     5719     5718     5718
WFP_Price                         1953     2993     2993     2993     2993     2993     2993     2993     2993     2994     2993     2993     2993     1954     1274        0
WFP_Price_std                     1953     2993     2993     2993     2993     2993     2993     2993     2993     2994     2993     2993     2993     1954     1274        0
Food_CPI                          4796     4796     4796     4796     4796     4796     3650     3650     2777        0        0        0        0        0        0        0
Food_food_inflation               4796     4796     4796     4796     4796     4796     3650     3650     2777        0        0        0        0        0        0        0

## normv1: missing schema covariate columns in header: []
rows per month: {'2024-06': 5718, '2024-07': 5718, '2024-08': 5718, '2024-09': 5718, '2024-10': 5718, '2024-11': 5718, '2024-12': 5718, '2025-01': 5718, '2025-02': 5718, '2025-03': 5718, '2025-04': 5718, '2025-05': 5718, '2025-06': 5718, '2025-07': 5718, '2025-08': 5718, '2025-09': 5718, '2025-10': 5718, '2025-11': 5718, '2025-12': 5718, '2026-01': 5718, '2026-02': 5718, '2026-03': 5718, '2026-04': 5718}
ym                             2024-06  2024-07  2024-08  2024-09  2024-10  2024-11  2024-12  2025-01  2025-02  2025-03  2025-04  2025-05  2025-06  2025-07  2025-08  2025-09  2025-10  2025-11  2025-12  2026-01  2026-02  2026-03  2026-04
lat                               5718     5718     5718     5718     5718     5718     5718     5718     5718     5718     5718     5718     5718     5718     5718     5718     5718     5718     5718     5718     5718     5718     5718
lon                               5718     5718     5718     5718     5718     5718     5718     5718     5718     5718     5718     5718     5718     5718     5718     5718     5718     5718     5718     5718     5718     5718     5718
AEZ_10000                         5718     5718     5718     5718     5718     5718     5718     5718     5718     5718     5718     5718     5718     5718     5718     5718     5718     5718     5718     5718     5718     5718     5718
AEZ_12000                         5718     5718     5718     5718     5718     5718     5718     5718     5718     5718     5718     5718     5718     5718     5718     5718     5718     5718     5718     5718     5718     5718     5718
AEZ_15000                         5718     5718     5718     5718     5718     5718     5718     5718     5718     5718     5718     5718     5718     5718     5718     5718     5718     5718     5718     5718     5718     5718     5718
AEZ_17000                         5718     5718     5718     5718     5718     5718     5718     5718     5718     5718     5718     5718     5718     5718     5718     5718     5718     5718     5718     5718     5718     5718     5718
AEZ_19000                         5718     5718     5718     5718     5718     5718     5718     5718     5718     5718     5718     5718     5718     5718     5718     5718     5718     5718     5718     5718     5718     5718     5718
AEZ_25000                         5718     5718     5718     5718     5718     5718     5718     5718     5718     5718     5718     5718     5718     5718     5718     5718     5718     5718     5718     5718     5718     5718     5718
AEZ_31000                         5718     5718     5718     5718     5718     5718     5718     5718     5718     5718     5718     5718     5718     5718     5718     5718     5718     5718     5718     5718     5718     5718     5718
AEZ_32000                         5718     5718     5718     5718     5718     5718     5718     5718     5718     5718     5718     5718     5718     5718     5718     5718     5718     5718     5718     5718     5718     5718     5718
AEZ_33000                         5718     5718     5718     5718     5718     5718     5718     5718     5718     5718     5718     5718     5718     5718     5718     5718     5718     5718     5718     5718     5718     5718     5718
AEZ_34000                         5718     5718     5718     5718     5718     5718     5718     5718     5718     5718     5718     5718     5718     5718     5718     5718     5718     5718     5718     5718     5718     5718     5718
AEZ_36000                         5718     5718     5718     5718     5718     5718     5718     5718     5718     5718     5718     5718     5718     5718     5718     5718     5718     5718     5718     5718     5718     5718     5718
AEZ_38000                         5718     5718     5718     5718     5718     5718     5718     5718     5718     5718     5718     5718     5718     5718     5718     5718     5718     5718     5718     5718     5718     5718     5718
AEZ_4000                          5718     5718     5718     5718     5718     5718     5718     5718     5718     5718     5718     5718     5718     5718     5718     5718     5718     5718     5718     5718     5718     5718     5718
AEZ_40000                         5718     5718     5718     5718     5718     5718     5718     5718     5718     5718     5718     5718     5718     5718     5718     5718     5718     5718     5718     5718     5718     5718     5718
AEZ_43000                         5718     5718     5718     5718     5718     5718     5718     5718     5718     5718     5718     5718     5718     5718     5718     5718     5718     5718     5718     5718     5718     5718     5718
AEZ_7000                          5718     5718     5718     5718     5718     5718     5718     5718     5718     5718     5718     5718     5718     5718     5718     5718     5718     5718     5718     5718     5718     5718     5718
AEZ_9000                          5718     5718     5718     5718     5718     5718     5718     5718     5718     5718     5718     5718     5718     5718     5718     5718     5718     5718     5718     5718     5718     5718     5718
distance_to_river                 5718     5718     5718     5718     5718     5718     5718     5718     5718     5718     5718     5718     5718     5718     5718     5718     5718     5718     5718     5718     5718     5718     5718
elevation                         5718     5718     5718     5718     5718     5718     5718     5718     5718     5718     5718     5718     5718     5718     5718     5718     5718     5718     5718     5718     5718     5718     5718
sg_cec_5-15cm                     5718     5718     5718     5718     5718     5718     5718     5718     5718     5718     5718     5718     5718     5718     5718     5718     5718     5718     5718     5718     5718     5718     5718
sg_cfvo_5-15cm                    5718     5718     5718     5718     5718     5718     5718     5718     5718     5718     5718     5718     5718     5718     5718     5718     5718     5718     5718     5718     5718     5718     5718
sg_nitrogen_5-15cm                5718     5718     5718     5718     5718     5718     5718     5718     5718     5718     5718     5718     5718     5718     5718     5718     5718     5718     5718     5718     5718     5718     5718
sg_phh2o_5-15cm                   5718     5718     5718     5718     5718     5718     5718     5718     5718     5718     5718     5718     5718     5718     5718     5718     5718     5718     5718     5718     5718     5718     5718
sg_soc_5-15cm                     5718     5718     5718     5718     5718     5718     5718     5718     5718     5718     5718     5718     5718     5718     5718     5718     5718     5718     5718     5718     5718     5718     5718
ruggedness                        5718     5718     5718     5718     5718     5718     5718     5718     5718     5718     5718     5718     5718     5718     5718     5718     5718     5718     5718     5718     5718     5718     5718
slope                             5718     5718     5718     5718     5718     5718     5718     5718     5718     5718     5718     5718     5718     5718     5718     5718     5718     5718     5718     5718     5718     5718     5718
distance_to_nearest_acled         5718     5718     5718     5718     5718     5718     5718     4414     4301     4263     3132        0        0        0        0        0        0        0        0        0        0        0        0
event_count_battles               5718     5718     5718     5718     5718     5718     5718     4414     4301     4263     3132        0        0        0        0        0        0        0        0        0        0        0        0
event_count_explosions            5718     5718     5718     5718     5718     5718     5718     4414     4301     4263     3132        0        0        0        0        0        0        0        0        0        0        0        0
event_count_violence              5718     5718     5718     5718     5718     5718     5718     4414     4301     4263     3132        0        0        0        0        0        0        0        0        0        0        0        0
sum_fatalities_battles            5718     5718     5718     5718     5718     5718     5718     4414     4301     4263     3132        0        0        0        0        0        0        0        0        0        0        0        0
sum_fatalities_explosions         5718     5718     5718     5718     5718     5718     5718     4414     4301     4263     3132        0        0        0        0        0        0        0        0        0        0        0        0
sum_fatalities_violence           5718     5718     5718     5718     5718     5718     5718     4414     4301     4263     3132        0        0        0        0        0        0        0        0        0        0        0        0
event_count_battles_w5            5718     5718     5718     5718     5718     5718     5718     4414     4301     4263     3132        0        0        0        0        0        0        0        0        0        0        0        0
event_count_explosions_w5         5718     5718     5718     5718     5718     5718     5718     4414     4301     4263     3132        0        0        0        0        0        0        0        0        0        0        0        0
event_count_violence_w5           5718     5718     5718     5718     5718     5718     5718     4414     4301     4263     3132        0        0        0        0        0        0        0        0        0        0        0        0
sum_fatalities_battles_w5         5718     5718     5718     5718     5718     5718     5718     4414     4301     4263     3132        0        0        0        0        0        0        0        0        0        0        0        0
sum_fatalities_explosions_w5      5718     5718     5718     5718     5718     5718     5718     4414     4301     4263     3132        0        0        0        0        0        0        0        0        0        0        0        0
sum_fatalities_violence_w5        5718     5718     5718     5718     5718     5718     5718     4414     4301     4263     3132        0        0        0        0        0        0        0        0        0        0        0        0
event_count_battles_w10           5718     5718     5718     5718     5718     5718     5718     4414     4301     4263     3132        0        0        0        0        0        0        0        0        0        0        0        0
event_count_explosions_w10        5718     5718     5718     5718     5718     5718     5718     4414     4301     4263     3132        0        0        0        0        0        0        0        0        0        0        0        0
event_count_violence_w10          5718     5718     5718     5718     5718     5718     5718     4414     4301     4263     3132        0        0        0        0        0        0        0        0        0        0        0        0
sum_fatalities_battles_w10        5718     5718     5718     5718     5718     5718     5718     4414     4301     4263     3132        0        0        0        0        0        0        0        0        0        0        0        0
sum_fatalities_explosions_w10     5718     5718     5718     5718     5718     5718     5718     4414     4301     4263     3132        0        0        0        0        0        0        0        0        0        0        0        0
sum_fatalities_violence_w10       5718     5718     5718     5718     5718     5718     5718     4414     4301     4263     3132        0        0        0        0        0        0        0        0        0        0        0        0
crop                              5718     5718     5718     5718     5718     5718     5718     5718     5718     5718     5718     5718     5718     5718     5718     5718     5718     5718     5718     5718     5718     5718     5718
range                             5718     5718     5718     5718     5718     5718     5718     5718     5718     5718     5718     5718     5718     5718     5718     5718     5718     5718     5718     5718     5718     5718     5718
nightlight                        5718     5718     5718     5718     5718     5718     5718     5718     5718     5718     5718     5718     5718     5718     5718     5718     5718     5718     5718     5718     5718     5718     5718
nightlight_sd                     5718     5718     5718     5718     5718     5718     5718     5718     5718     5718     5718     5718     5718     5718     5718     5718     5718     5718     5718     5718     5718     5718     5718
EVI                               5718     5718     5718     5718     5718     5718     5718     5718     5718     5718     5718     5718     5718     5718     5718     5718     5718     5718     5718     5718     5718     5718     5718
market_distance                   5283     5283     5306     5283     4940     4894     4373     5471     5440     5440     5419     5451     5449     5450     5450     5450     5458     5458     5451     4691     2094        0        0
FAO_price                         5283     5283     5306     5283     4940     4894     4373     5471     5440     5440     5419     5451     5449     5450     5450     5450     5458     5458     5451     4691     2094        0        0
Rainf_f_tavg_mean                 5718     5718     5718     5718     5718     5718     5718     5718     5718     5718     5718     5718     5718     5718     5718     5718     5718     5718     5718     5718     5718     5718     5718
Tair_f_tavg_mean                  5718     5718     5718     5718     5718     5718     5718     5718     5718     5718     5718     5718     5718     5718     5718     5718     5718     5718     5718     5718     5718     5718     5718
gpp_mean                          5718     5718     5718     5718     5718     5718     5718        0        0        0        0        0        0        0        0        0        0        0        0        0        0        0        0
market_access                     5718     5718     5718     5718     5718     5718     5718     5718     5718     5718     5718     5718     5718     5718     5718     5718     5718     5718     5718     5718     5718     5718     5718
CPI                                  0        0        0        0        0        0        0        0        0        0        0        0        0        0        0        0        0        0        0        0        0        0        0
GDP                                  0        0        0        0        0        0        0        0        0        0        0        0        0        0        0        0        0        0        0        0        0        0        0
CC                                   0        0        0        0        0        0        0        0        0        0        0        0        0        0        0        0        0        0        0        0        0        0        0
gini                                 0        0        0        0        0        0        0        0        0        0        0        0        0        0        0        0        0        0        0        0        0        0        0
WFP_Price                         1977     2617     2617     2617     2617     2617     2617     1953     2993     2993     2993     2993     2993     2993     2993     2993     2993     2993     2993     2993     1953     1274        0
WFP_Price_std                     1977     2617     2617     2617     2617     2617     2617     1953     2993     2993     2993     2993     2993     2993     2993     2993     2993     2993     2993     2993     1953     1274        0
pop                               5716        0        0        0     5716        0        0        0        0        0        0        0        0        0        0        0        0        0        0        0        0        0        0
Food_CPI                          3527     3481     3309     2993        0        0        0     4796     4796     4796     4796     4796     4796     3650     3650     2777        0        0        0        0        0        0        0
Food_food_inflation               3527     3481     3309     2640        0        0        0     4796     4796     4796     4796     4796     4796     3650     3650     2777        0        0        0        0        0        0        0
Tair_zscore                       5718     5718     5718     5718     5718     5718     5718     5718     5718     5718     5718     5718     5718     5718     5718     5718     5718     5718     5718     5718     5718     5718     5718
Rainf_zscore                      5713     5713     5713     5713     5713     5713     5713     5713     5713     5713     5713     5713     5713     5713     5713     5713     5713     5713     5713     5713     5713     5713     5713
